2854
1106
1603
1840
7549
1855
1690
1177
10862
1943
701
11828
8548
1330
693
1214
7578
2403
11542
1925
13174
1884
1771
1288
685
2291
829
4158
687
7060
5759
2920
1029
10768
7708
18013
955
12032
8869
7185
293
2218
914
2846
434
4149
791
9223
4679
2469
14773
2356
5348
12594
12485
2497
15002
1867
797
12076
30169
30136
30147
30152
30154
30147
30167
30169
30171
30155
30154
30150
30177
30181
30178
30175
30155
30173
30178
30160
30180
30179
30178
30165
29679
30179
30164
30175
30173
30175
30170
30167
30143
30172
30166
30166
30154
30174
30177
30174
30170
30149
30177
20516
4687
2009
30169
4806
1244
1282
9046
15848
987
10887
14535
1549
371
10394
1412
12665
289
17672
314
3791
288
11758
