17969
5668
10423
5823
15413
7562
20073
4560
20914
13941
9047
16988
14491
5166
3674
4265
7892
5214
7399
6005
4385
5039
3946
4140
3655
12974
3284
4539
19335
4696
12104
12618
4248
3755
3227
4696
3160
6056
11981
6917
20592
14017
4785
5155
13789
4232
3712
4026
15730
14315
13193
11295
3570
33731
31780
3480
10267
16852
6948
20018
2825
21628
21620
5511
7751
10525
31678
4627
20886
12713
12407
14076
12049
4598
7419
14521
10565
16797
6057
20169
5891
5922
14920
3160
6123
16980
4308
8674
15599
11984
12345
3656
5127
16300
15858
4234
8096
12875
15250
4444
6251
3408
6676
4197
7609
3333
5447
21619
22784
11752
5391
7705
11997
16099
5709
4558
15442
14415
5078
4249
16121
14141
6035
21016
5765
4916
21488
5776
21414
5522
20293
7361
5813
6110
5946
5728
20634
4295
5346
12366
31742
32168
31617
32565
31788
31581
31416
32256
32401
32107
32153
31687
31785
31267
31893
32103
31916
31302
31703
31433
32037
21141
18646
15237
10450
5173
10888
11828
5999
21978
14944
5306
3781
17406
12849
6453
5709
17421
11202
11993
4879
5071
4606
6647
15239
22312
4942
15270
14602
13341
4285
23087
13220
5083
19330
16325
10491
5690
10570
12313
4400
5362
4102
6701
14762
13764
14689
14382
7460
16700
4517
9553
5437
23059
5938
9499
4707
20816
5478
15994
15761
12223
14655
6029
21419
12007
15219
6311
17492
14212
15798
4945
34067
16940
35715
33010
38849
37148
37029
37486
35537
27228
42147
38306
38610
37346
42141
14527
9621
5193
6224
15353
12865
15688
7022
20258
13052
14065
5182
18314
17990
4407
5516
13199
16518
11404
13964
12895
14847
13145
14089
4807
5276
16740
12997
14099
14942
12098
10747
12943
13778
3754
9543
4571
19657
13366
7503
4990
17471
12195
10541
5387
8037
14719
15618
9804
18469
8545
15271
14905
12775
14796
5763
21312
6452
21805
13481
5487
18207
16943
19944
5722
16872
3881
21005
3577
10349
4333
21262
4856
5769
19094
12747
12322
4814
7735
5494
4504
17603
3300
5918
4166
6681
3184
13213
4076
4713
4202
6941
4141
4768
18381
5763
9156
13212
13761
5169
5763
16704
8824
6586
8646
10909
5156
9374
11696
5464
3728
5174
6098
21014
4360
4561
6881
7344
2995
5056
17424
15974
3386
9091
4259
9890
12821
13379
9048
18055
4824
10166
10182
13091
4542
11739
13236
7487
3620
31610
32169
19157
14686
6742
4893
11870
4180
7195
4297
9667
11531
17516
10382
15734
13306
6947
21243
18038
4052
5003
4966
25473
9464
13215
31326
11448
32386
31498
31380
31828
31380
31470
