6521
5255
4895
5245
11709
5253
5608
5529
15037
6764
5060
16127
11643
6407
5188
5935
10813
4950
14607
5256
16099
4999
4838
5002
3393
5372
3837
6597
4048
10213
8921
5470
4277
14010
10149
21245
3882
14793
12685
10052
4089
5381
3875
5806
3995
7287
4143
12128
7722
5019
17929
5301
8456
15220
16209
5223
17482
4963
4052
15350
32668
31437
31516
31397
31444
31734
31355
31625
31525
31899
31368
31614
31695
32203
31824
31900
31631
31838
31515
31577
31614
31925
31840
31643
31039
31620
31392
31870
31462
31983
31580
31622
31702
31777
31533
31982
31555
31885
31593
31696
31447
31755
31629
22051
6263
3410
31553
6547
4727
5757
12330
18728
4025
13863
17205
5260
4268
12774
4208
15190
4328
20592
3503
6351
3761
13974
