10047
17859
7197
8191
21203
9691
3860
6820
4433
10095
9755
16969
4039
6245
3616
10365
3691
4290
13095
18557
12781
19805
3672
6042
3533
6487
4546
21730
3510
6431
16179
3963
22192
15580
4395
--- 15.12.2023 ---
4777
6485
6508
6584
11609
7429
6193
3919
4564
8948
12839
5970
14359
6124
4160
18164
14073
13619
14601
11136
16860
13254
13758
6687
4405
6013
4450
15300
17070
13504
3546
10852
13153
14315
4532
6025
16080
10593
16155
7842
5807
13277
4459
7751
11151
20533
33422
33233
31440
32455
31896
31782
31932
11272
32449
34668
105175
8208
387915
20761
5139
4737
5403
3922
5126
3947
14063
4503
12470
9570
5358
4341
4678
17974
11369
10638
16420
9440
4357
4237
4196
4498
10936
4178
9918
5287
9177
10080
4360
14075
5431
19520
4260
4079
3923
4526
4870
3741
5235
3884
4628
18925
12002
4716
4637
7312
4291
4950
11490
9485
4911
4538
16636
4751
18533
7466
8490
4310
31274
15269
10992
4582
4540
4116
4916
10607
4951
9560
3840
5393
5502
8252
3386
14435
9447
28818
17320
12924
3302
5053
11960
16217
3975
3880
4162
14579
8926
4892
4255
13422
4074
16483
4691
5045
8741
7245
7781
5614
4443
7947
8167
15766
4359
18469
12984
6915
14985
