21269
18804
15339
10638
5306
11240
12018
6128
22122
15057
5425
4012
17795
12948
6647
5807
17538
11345
12112
5037
5183
4731
6762
15539
22429
5073
15538
14711
13451
4510
23227
13558
5260
19451
16491
10783
5801
10712
12520
4525
5662
4341
6818
14894
13868
14873
14494
7599
16832
4644
9656
5631
23177
6063
9622
4825
20936
5603
16704
16093
12364
14770
6746
21538
12206
15322
6444
17586
14364
16042
5122
34584
17479
36738
35608
41587
37613
37629
38122
36429
28000
42914
39360
40146
37956
44350
14768
9739
5384
6352
15467
12981
15798
7129
21088
13388
14278
5863
18571
18115
4533
5918
13444
16739
11535
14088
13238
15150
13255
14244
4919
5450
16873
13117
14210
15057
12420
10869
13084
14040
4114
9697
4710
19765
13826
7699
5462
17722
12396
10664
5535
8148
15090
15739
9991
18590
8673
15386
15054
12895
15020
5868
21606
6609
21914
13710
5758
18312
17057
20083
5928
16999
4106
21150
3692
10490
4658
21388
5032
5894
19194
12895
12486
4909
7845
5626
4742
17722
3413
6033
4296
6783
3297
13325
4260
5375
4329
7094
4261
4884
18504
5879
9366
13333
13858
5424
5915
16997
9012
6707
8812
11190
5294
9603
11892
5594
3900
5300
6194
21131
4624
4690
7000
7466
3100
5180
17546
16096
3509
9203
4387
10016
12953
13524
9144
18179
4941
10310
10298
13205
4752
11868
13364
7700
3721
31726
32262
19277
14850
6911
5018
11993
4370
7289
4847
9763
11696
17657
10510
15861
13412
7142
21355
18155
4232
5177
5155
25589
9581
13328
31450
12115
32504
31971
31542
32433
31734
32034
