21141
18646
15237
10450
5173
10888
11828
5999
21978
14944
5306
3781
17406
12849
6453
5709
17421
11202
11993
4879
5071
4606
6647
15239
22312
4942
15270
14602
13341
4285
23087
13220
5083
19330
16325
10491
5690
10570
12313
4400
5362
4102
6701
14762
13764
14689
14382
7460
16700
4517
9553
5437
23059
5938
9499
4707
20816
5478
15994
15761
12223
14655
6029
21419
12007
15219
6311
17492
14212
15798
4945
34067
16940
35715
33010
38849
37148
37029
37486
35537
27228
42147
38306
38610
37346
42141
14527
9621
5193
6224
15353
12865
15688
7022
20258
13052
14065
5182
18314
17990
4407
5516
13199
16518
11404
13964
12895
14847
13145
14089
4807
5276
16740
12997
14099
14942
12098
10747
12943
13778
3754
9543
4571
19657
13366
7503
4990
17471
12195
10541
5387
8037
14719
15618
9804
18469
8545
15271
14905
12775
14796
5763
21312
6452
21805
13481
5487
18207
16943
19944
5722
16872
3881
21005
3577
10349
4333
21262
4856
5769
19094
12747
12322
4814
7735
5494
4504
17603
3300
5918
4166
6681
3184
13213
4076
4713
4202
6941
4141
4768
18381
5763
9156
13212
13761
5169
5763
16704
8824
6586
8646
10909
5156
9374
11696
5464
3728
5174
6098
21014
4360
4561
6881
7344
2995
5056
17424
15974
3386
9091
4259
9890
12821
13379
9048
18055
4824
10166
10182
13091
4542
11739
13236
7487
3620
31610
32169
19157
14686
6742
4893
11870
4180
7195
4297
9667
11531
17516
10382
15734
13306
6947
21243
18038
4052
5003
4966
25473
9464
13215
31326
11448
32386
31498
31380
31828
31380
31470
