8740
206
7449
16205
5925
5914
19111
6313
2122
3863
2604
7621
8330
14837
1775
4407
2201
8758
2457
2834
9567
16285
11534
18097
2326
4713
1646
5178
2388
19890
2192
4919
14027
2283
20033
13652
2974
3240
4988
5144
4569
10227
6266
3409
2520
3198
7533
11245
3986
12821
4059
2507
15532
12020
11792
13143
8918
15291
11514
12306
4832
2416
4420
2900
13037
15607
11649
1981
8797
11387
12867
2640
4170
13625
8568
14379
5915
3432
11759
2585
5950
8474
18952
30168
30174
30141
30157
30171
30177
30320
638
30176
14706
919
2598
456
11150
17115
1906
418
2038
879
1174
372
10539
1137
10097
5759
2000
1663
1286
14428
8606
7997
14236
6302
2172
601
1454
1255
8760
1298
7332
827
4968
6870
307
10267
1864
16352
1509
929
1604
549
2552
981
1824
1317
2006
16059
9123
288
1315
3542
1416
331
7977
5269
1991
776
13655
516
15319
303
5687
994
27714
12884
6664
863
1126
282
1748
6542
2181
5797
322
2497
3184
4960
827
11334
6091
25826
14769
10310
519
1416
9514
13786
929
1107
623
11680
6035
1783
1239
10072
726
13042
347
816
5865
4275
4189
1491
1014
4091
5372
12685
302
15971
9875
3300
12067
