7880
31830
26928
17424
23366
4860
11702
18820
10643
17594
4692
5366
11463
19372
10337
16866
5025
9000
10159
4252
8331
3844
4660
3529
4663
12563
6062
4024
4055
12077
10764
4367
8374
3960
6500
6429
22685
4798
23144
16601
6444
6527
10334
16631
10656
4281
6870
18429
9371
4328
5310
3947
4954
8199
14056
17220
5176
5933
5310
4933
14810
4565
6784
18114
23648
4091
9892
3944
7636
4646
5204
5119
8181
4844
10251
5043
5971
18451
5862
5159
13960
4184
2520
4372
9415
17549
5261
9751
5446
5815
4484
3704
14982
21123
11479
14493
5843
7644
9181
3463
4032
5902
6273
8734
8430
4425
4722
4326
15001
4162
6612
16469
10973
20011
5088
3593
6651
5317
4248
8946
3804
12369
5586
5785
12854
6048
20218
4067
5177
5794
12125
17375
3417
13963
16184
8977
4028
4733
4315
15257
16997
16336
4642
4855
11556
13026
17091
11512
3812
4865
21252
11257
4898
6229
15993
14225
14145
5044
7945
5592
9332
4713
3437
6964
11221
11569
4680
5844
3395
5116
4102
12295
3645
13437
13762
5478
3823
5599
4654
19533
3668
10235
17182
5592
4338
10894
4285
11573
18576
8939
4572
4823
19001
4546
7505
14171
15959
5248
8778
11026
4800
21021
15172
14052
16156
11248
16867
10561
3556
9523
3434
9882
4498
5825
19079
4622
4479
13058
4077
10217
17796
8517
5982
4623
4179
