18100
5883
10702
5928
15701
7698
20212
4669
21067
14060
9217
17186
14675
5286
3805
4383
8024
5403
7527
6144
4508
5289
4071
4257
3784
13101
3404
4645
19463
4846
12236
12746
4370
3866
3352
4874
3294
6167
12131
7058
21033
14149
4908
5262
13938
4362
3869
4133
15885
14431
13856
11426
3733
33859
31922
3830
10408
17303
7146
20149
2970
21802
21839
5723
8242
10646
31901
4815
21034
12949
12532
14211
12288
4783
7558
14647
10719
17092
6246
20423
5992
6036
15058
3284
6232
17180
4417
8995
15711
12214
12442
3798
5250
16476
15982
4343
8286
13087
15370
4693
6381
3932
6794
4482
7733
3450
5689
21814
22958
11913
5520
7817
12130
16243
5830
4698
15569
14549
5235
4369
16224
14275
6143
21144
5900
5052
21616
6163
21596
5734
20548
7476
6074
6243
6216
5840
20830
4527
5486
12688
31936
33271
31838
32737
31950
31705
31628
32467
32676
32347
32280
31955
31904
31617
32014
32320
32027
31751
31823
31648
32458
