17969
5668
10423
5823
15413
7562
20073
4560
20914
13941
9047
16988
14491
5166
3674
4265
7892
5214
7399
6005
4385
5039
3946
4140
3655
12974
3284
4539
19335
4696
12104
12618
4248
3755
3227
4696
3160
6056
11981
6917
20592
14017
4785
5155
13789
4232
3712
4026
15730
14315
13193
11295
3570
33731
31780
3480
10267
16852
6948
20018
2825
21628
21620
5511
7751
10525
31678
4627
20886
12713
12407
14076
12049
4598
7419
14521
10565
16797
6057
20169
5891
5922
14920
3160
6123
16980
4308
8674
15599
11984
12345
3656
5127
16300
15858
4234
8096
12875
15250
4444
6251
3408
6676
4197
7609
3333
5447
21619
22784
11752
5391
7705
11997
16099
5709
4558
15442
14415
5078
4249
16121
14141
6035
21016
5765
4916
21488
5776
21414
5522
20293
7361
5813
6110
5946
5728
20634
4295
5346
12366
31742
32168
31617
32565
31788
31581
31416
32256
32401
32107
32153
31687
31785
31267
31893
32103
31916
31302
31703
31433
32037
