7725
31586
26811
17311
23263
4740
11549
18696
10450
17504
4576
5252
11350
19259
10223
16759
4925
8886
10064
4133
8217
3726
4405
3426
4541
12418
5920
3910
3941
11950
10644
4252
8277
3840
6308
5933
22567
4638
22966
16190
6166
6260
10157
16394
10447
4144
6722
18280
9206
4125
5189
3826
4828
8093
13953
16919
4960
5710
5190
4681
14516
4431
6629
17905
21355
3976
9162
3823
7152
4520
5074
5011
8064
4729
10143
4899
5861
18360
5743
5041
13827
3990
2402
4210
8935
17426
5122
9643
5331
5703
4361
3589
14840
21007
11346
11766
5723
6083
9066
3326
3927
5722
5995
8618
8249
4315
4583
4178
14894
4041
6408
16343
10857
19851
4978
3478
6534
5174
4134
8830
3643
12228
5467
5569
12762
5932
20100
3945
5058
5678
11976
17272
3301
13841
15844
8788
3898
4501
4196
15140
16854
16212
4468
4731
11448
12900
16933
11412
3698
4755
21131
11128
4729
6047
15850
14108
13979
4883
7831
5487
9204
4556
3322
6840
10837
11454
4544
5696
3202
5020
3917
12172
3410
13326
13643
5363
3705
5470
4547
19261
3413
10107
16864
5377
4235
10748
4162
11427
18412
8768
4446
4723
18897
4436
7387
14057
15817
5136
8667
10896
4685
20908
15049
13914
16040
11144
16752
10447
3458
9402
3298
9772
4377
5677
18960
4496
4356
12884
3959
9998
17580
8400
5854
4521
4059
